X: 1 0 0 Y: 0 1 0 Cross: 0 0 1 Dot: 0
X: 0.5 0 0.866025 Y: 0.852869 0.173648 -0.492404 Cross: -0.150384 0.984808 0.0868241 Dot: 0
X: 0.5 0 0.866025 Y: 0.852869 0.173648 -0.492404 Cross: -0.150384 0.984808 0.0868241 Dot: 0
X: 0.5 0 0.866025 Y: 0.852869 0.173648 -0.492404 Cross: -0.150384 0.984808 0.0868241 Dot: 0
X: 0.5 0 0.866025 Y: 0.852869 0.173648 -0.492404 Cross: -0.150384 0.984808 0.0868241 Dot: 0
X: 0.5 0 0.866025 Y: 0.852869 0.173648 -0.492404 Cross: -0.150384 0.984808 0.0868241 Dot: 0
X: 0.5 0 0.866025 Y: 0.852869 0.173648 -0.492404 Cross: -0.150384 0.984808 0.0868241 Dot: 0
X: 0.5 0 0.866025 Y: 0.852869 0.173648 -0.492404 Cross: -0.150384 0.984808 0.0868241 Dot: 0
X: 0.5 0 0.866025 Y: 0.852869 0.173648 -0.492404 Cross: -0.150384 0.984808 0.0868241 Dot: 0
X: 0.5 0 0.866025 Y: 0.852869 0.173648 -0.492404 Cross: -0.150384 0.984808 0.0868241 Dot: 0
X: 0.5 0 0.866025 Y: 0.852869 0.173648 -0.492404 Cross: -0.150384 0.984808 0.0868241 Dot: 0
X: 0.5 0 0.866025 Y: 0.852869 0.173648 -0.492404 Cross: -0.150384 0.984808 0.0868241 Dot: 0
X: 0.5 0 0.866025 Y: 0.852869 0.173648 -0.492404 Cross: -0.150384 0.984808 0.0868241 Dot: 0
X: 0.5 0 0.866025 Y: 0.852869 0.173648 -0.492404 Cross: -0.150384 0.984808 0.0868241 Dot: 0
X: 0.5 0 0.866025 Y: 0.852869 0.173648 -0.492404 Cross: -0.150384 0.984808 0.0868241 Dot: 0
X: 0.5 0 0.866025 Y: 0.852869 0.173648 -0.492404 Cross: -0.150384 0.984808 0.0868241 Dot: 0
X: 0.5 0 0.866025 Y: 0.852869 0.173648 -0.492404 Cross: -0.150384 0.984808 0.0868241 Dot: 0
X: 0.5 0 0.866025 Y: 0.852869 0.173648 -0.492404 Cross: -0.150384 0.984808 0.0868241 Dot: 0
X: 0.5 0 0.866025 Y: 0.852869 0.173648 -0.492404 Cross: -0.150384 0.984808 0.0868241 Dot: 0
X: 0.5 0 0.866025 Y: 0.852869 0.173648 -0.492404 Cross: -0.150384 0.984808 0.0868241 Dot: 0
X: 0.5 0 0.866025 Y: 0.852869 0.173648 -0.492404 Cross: -0.150384 0.984808 0.0868241 Dot: 0
X: 0.5 0 0.866025 Y: 0.852869 0.173648 -0.492404 Cross: -0.150384 0.984808 0.0868241 Dot: 0
X: 0.5 0 0.866025 Y: 0.852869 0.173648 -0.492404 Cross: -0.150384 0.984808 0.0868241 Dot: 0
X: 0.5 0 0.866025 Y: 0.852869 0.173648 -0.492404 Cross: -0.150384 0.984808 0.0868241 Dot: 0
X: 0.5 0 0.866025 Y: 0.852869 0.173648 -0.492404 Cross: -0.150384 0.984808 0.0868241 Dot: 0
X: 0.5 0 0.866025 Y: 0.852869 0.173648 -0.492404 Cross: -0.150384 0.984808 0.0868241 Dot: 0
X: 0.5 0 0.866025 Y: 0.852869 0.173648 -0.492404 Cross: -0.150384 0.984808 0.0868241 Dot: 0
X: 0.5 0 0.866025 Y: 0.852869 0.173648 -0.492404 Cross: -0.150384 0.984808 0.0868241 Dot: 0
X: 0.5 0 0.866025 Y: 0.852869 0.173648 -0.492404 Cross: -0.150384 0.984808 0.0868241 Dot: 0
X: 0.5 0 0.866025 Y: 0.852869 0.173648 -0.492404 Cross: -0.150384 0.984808 0.0868241 Dot: 0
X: 0.5 0 0.866025 Y: 0.852869 0.173648 -0.492404 Cross: -0.150384 0.984808 0.0868241 Dot: 0
X: 0.5 0 0.866025 Y: 0.852869 0.173648 -0.492404 Cross: -0.150384 0.984808 0.0868241 Dot: 0
X: 0.5 0 0.866025 Y: 0.852869 0.173648 -0.492404 Cross: -0.150384 0.984808 0.0868241 Dot: 0
X: 0.5 0 0.866025 Y: 0.852869 0.173648 -0.492404 Cross: -0.150384 0.984808 0.0868241 Dot: 0
X: 0.5 0 0.866025 Y: 0.852869 0.173648 -0.492404 Cross: -0.150384 0.984808 0.0868241 Dot: 0
X: 0.5 0 0.866025 Y: 0.852869 0.173648 -0.492404 Cross: -0.150384 0.984808 0.0868241 Dot: 0
X: 0.5 0 0.866025 Y: 0.852869 0.173648 -0.492404 Cross: -0.150384 0.984808 0.0868241 Dot: 0
X: 0.5 0 0.866025 Y: 0.852869 0.173648 -0.492404 Cross: -0.150384 0.984808 0.0868241 Dot: 0
X: 0.5 0 0.866025 Y: 0.852869 0.173648 -0.492404 Cross: -0.150384 0.984808 0.0868241 Dot: 0
X: 0.5 0 0.866025 Y: 0.852869 0.173648 -0.492404 Cross: -0.150384 0.984808 0.0868241 Dot: 0
X: 0.5 0 0.866025 Y: 0.852869 0.173648 -0.492404 Cross: -0.150384 0.984808 0.0868241 Dot: 0
X: 0.5 0 0.866025 Y: 0.852869 0.173648 -0.492404 Cross: -0.150384 0.984808 0.0868241 Dot: 0
X: 0.5 0 0.866025 Y: 0.852869 0.173648 -0.492404 Cross: -0.150384 0.984808 0.0868241 Dot: 0
X: 0.5 0 0.866025 Y: 0.852869 0.173648 -0.492404 Cross: -0.150384 0.984808 0.0868241 Dot: 0
X: 0.5 0 0.866025 Y: 0.852869 0.173648 -0.492404 Cross: -0.150384 0.984808 0.0868241 Dot: 0
X: 0.5 0 0.866025 Y: 0.852869 0.173648 -0.492404 Cross: -0.150384 0.984808 0.0868241 Dot: 0
X: 0.5 0 0.866025 Y: 0.852869 0.173648 -0.492404 Cross: -0.150384 0.984808 0.0868241 Dot: 0
X: 0.5 0 0.866025 Y: 0.852869 0.173648 -0.492404 Cross: -0.150384 0.984808 0.0868241 Dot: 0
X: 0.5 0 0.866025 Y: 0.852869 0.173648 -0.492404 Cross: -0.150384 0.984808 0.0868241 Dot: 0
X: 0.5 0 0.866025 Y: 0.852869 0.173648 -0.492404 Cross: -0.150384 0.984808 0.0868241 Dot: 0
X: 0.5 0 0.866025 Y: 0.852869 0.173648 -0.492404 Cross: -0.150384 0.984808 0.0868241 Dot: 0
X: 0.5 0 0.866025 Y: 0.852869 0.173648 -0.492404 Cross: -0.150384 0.984808 0.0868241 Dot: 0
X: 0.5 0 0.866025 Y: 0.852869 0.173648 -0.492404 Cross: -0.150384 0.984808 0.0868241 Dot: 0
X: 0.5 0 0.866025 Y: 0.852869 0.173648 -0.492404 Cross: -0.150384 0.984808 0.0868241 Dot: 0
X: 0.5 0 0.866025 Y: 0.852869 0.173648 -0.492404 Cross: -0.150384 0.984808 0.0868241 Dot: 0
X: 0.5 0 0.866025 Y: 0.852869 0.173648 -0.492404 Cross: -0.150384 0.984808 0.0868241 Dot: 0
X: 0.5 0 0.866025 Y: 0.852869 0.173648 -0.492404 Cross: -0.150384 0.984808 0.0868241 Dot: 0
X: 0.5 0 0.866025 Y: 0.852869 0.173648 -0.492404 Cross: -0.150384 0.984808 0.0868241 Dot: 0
X: 0.5 0 0.866025 Y: 0.852869 0.173648 -0.492404 Cross: -0.150384 0.984808 0.0868241 Dot: 0
X: 0.5 0 0.866025 Y: 0.852869 0.173648 -0.492404 Cross: -0.150384 0.984808 0.0868241 Dot: 0
X: 0.5 0 0.866025 Y: 0.852869 0.173648 -0.492404 Cross: -0.150384 0.984808 0.0868241 Dot: 0
X: 0.5 0 0.866025 Y: 0.852869 0.173648 -0.492404 Cross: -0.150384 0.984808 0.0868241 Dot: 0
X: 0.5 0 0.866025 Y: 0.852869 0.173648 -0.492404 Cross: -0.150384 0.984808 0.0868241 Dot: 0
X: 0.5 0 0.866025 Y: 0.852869 0.173648 -0.492404 Cross: -0.150384 0.984808 0.0868241 Dot: 0
X: 0.5 0 0.866025 Y: 0.852869 0.173648 -0.492404 Cross: -0.150384 0.984808 0.0868241 Dot: 0
X: 0.5 0 0.866025 Y: 0.852869 0.173648 -0.492404 Cross: -0.150384 0.984808 0.0868241 Dot: 0
X: 0.5 0 0.866025 Y: 0.852869 0.173648 -0.492404 Cross: -0.150384 0.984808 0.0868241 Dot: 0
X: 0.5 0 0.866025 Y: 0.852869 0.173648 -0.492404 Cross: -0.150384 0.984808 0.0868241 Dot: 0
X: 0.5 0 0.866025 Y: 0.852869 0.173648 -0.492404 Cross: -0.150384 0.984808 0.0868241 Dot: 0
X: 0.5 0 0.866025 Y: 0.852869 0.173648 -0.492404 Cross: -0.150384 0.984808 0.0868241 Dot: 0
X: 0.5 0 0.866025 Y: 0.852869 0.173648 -0.492404 Cross: -0.150384 0.984808 0.0868241 Dot: 0
X: 0.5 0 0.866025 Y: 0.852869 0.173648 -0.492404 Cross: -0.150384 0.984808 0.0868241 Dot: 0
X: 0.5 0 0.866025 Y: 0.852869 0.173648 -0.492404 Cross: -0.150384 0.984808 0.0868241 Dot: 0
X: 0.5 0 0.866025 Y: 0.852869 0.173648 -0.492404 Cross: -0.150384 0.984808 0.0868241 Dot: 0
X: 0.5 0 0.866025 Y: 0.852869 0.173648 -0.492404 Cross: -0.150384 0.984808 0.0868241 Dot: 0
X: 0.5 0 0.866025 Y: 0.852869 0.173648 -0.492404 Cross: -0.150384 0.984808 0.0868241 Dot: 0
X: 0.5 0 0.866025 Y: 0.852869 0.173648 -0.492404 Cross: -0.150384 0.984808 0.0868241 Dot: 0
X: 0.5 0 0.866025 Y: 0.852869 0.173648 -0.492404 Cross: -0.150384 0.984808 0.0868241 Dot: 0
X: 0.5 0 0.866025 Y: 0.852869 0.173648 -0.492404 Cross: -0.150384 0.984808 0.0868241 Dot: 0
X: 0.5 0 0.866025 Y: 0.852869 0.173648 -0.492404 Cross: -0.150384 0.984808 0.0868241 Dot: 0
X: 0.5 0 0.866025 Y: 0.852869 0.173648 -0.492404 Cross: -0.150384 0.984808 0.0868241 Dot: 0
X: 0.5 0 0.866025 Y: 0.852869 0.173648 -0.492404 Cross: -0.150384 0.984808 0.0868241 Dot: 0
X: 0.5 0 0.866025 Y: 0.852869 0.173648 -0.492404 Cross: -0.150384 0.984808 0.0868241 Dot: 0
X: 0.5 0 0.866025 Y: 0.852869 0.173648 -0.492404 Cross: -0.150384 0.984808 0.0868241 Dot: 0
X: 0.5 0 0.866025 Y: 0.852869 0.173648 -0.492404 Cross: -0.150384 0.984808 0.0868241 Dot: 0
X: 0.5 0 0.866025 Y: 0.852869 0.173648 -0.492404 Cross: -0.150384 0.984808 0.0868241 Dot: 0
X: 0.5 0 0.866025 Y: 0.852869 0.173648 -0.492404 Cross: -0.150384 0.984808 0.0868241 Dot: 0
X: 0.5 0 0.866025 Y: 0.852869 0.173648 -0.492404 Cross: -0.150384 0.984808 0.0868241 Dot: 0
X: 0.5 0 0.866025 Y: 0.852605 0.175367 -0.492252 Cross: -0.151872 0.984503 0.0876834 Dot: -2.98023e-08
X: 0.5 0 0.866025 Y: 0.851798 0.180519 -0.491786 Cross: -0.156334 0.983571 0.0902596 Dot: -5.96046e-08
X: 0.5 0 0.866025 Y: 0.850401 0.189096 -0.490979 Cross: -0.163762 0.981959 0.0945477 Dot: -2.98023e-08
X: 0.500285 -0.00171384 0.865859 Y: 0.848649 0.199368 -0.489946 Cross: -0.171785 0.979923 0.101195 Dot: -2.98023e-08
X: 0.500882 -0.0051344 0.865501 Y: 0.846508 0.211325 -0.488637 Cross: -0.180393 0.977402 0.110195 Dot: 2.98023e-08
X: 0.501196 -0.00684028 0.865307 Y: 0.844252 0.22325 -0.487236 Cross: -0.189847 0.974737 0.117667 Dot: 0
X: 0.501855 -0.0102427 0.864891 Y: 0.841543 0.236837 -0.485503 Cross: -0.199865 0.971495 0.127478 Dot: 0
X: 0.50255 -0.0136338 0.864441 Y: 0.838695 0.250378 -0.483634 Cross: -0.209843 0.968052 0.137262 Dot: 2.98023e-08
X: 0.503279 -0.0170128 0.863956 Y: 0.835323 0.265551 -0.481371 Cross: -0.221235 0.963947 0.147858 Dot: -2.98023e-08
X: 0.503665 -0.0186952 0.863697 Y: 0.831759 0.280659 -0.478965 Cross: -0.23345 0.959625 0.156908 Dot: -2.98023e-08
X: 0.504071 -0.0203701 0.863422 Y: 0.828003 0.295697 -0.476418 Cross: -0.245607 0.955065 0.165919 Dot: 2.98023e-08
X: 0.504499 -0.0220369 0.863131 Y: 0.823606 0.31232 -0.473423 Cross: -0.25914 0.949722 0.175715 Dot: 0
X: 0.505401 -0.0253519 0.862512 Y: 0.818989 0.328846 -0.470232 Cross: -0.271712 0.944044 0.186962 Dot: 0
X: 0.506346 -0.0286471 0.861854 Y: 0.814648 0.343632 -0.46719 Cross: -0.282777 0.938668 0.197334 Dot: 0
X: 0.50733 -0.0319235 0.86116 Y: 0.810645 0.356703 -0.464347 Cross: -0.292355 0.933673 0.206845 Dot: 0
X: 0.50784 -0.033553 0.860798 Y: 0.807024 0.368082 -0.461767 Cross: -0.301351 0.929188 0.214005 Dot: -2.98023e-08
X: 0.508365 -0.0351747 0.860423 Y: 0.803833 0.377792 -0.459485 Cross: -0.308898 0.925223 0.220331 Dot: -5.96046e-08
X: 0.50944 -0.0384041 0.859649 Y: 0.801669 0.384241 -0.457915 Cross: -0.312726 0.922434 0.226535 Dot: -5.96046e-08
X: 0.510528 -0.0416238 0.858853 Y: 0.800579 0.387458 -0.457111 Cross: -0.313743 0.920948 0.231131 Dot: 0
X: 0.511075 -0.0432311 0.858448 Y: 0.799482 0.39067 -0.456296 Cross: -0.315644 0.919515 0.234224 Dot: 8.9407e-08
X: 0.511625 -0.0448359 0.858038 Y: 0.797265 0.397079 -0.454639 Cross: -0.320325 0.916689 0.238902 Dot: 8.9407e-08
X: 0.512184 -0.0464357 0.85762 Y: 0.795582 0.401873 -0.453374 Cross: -0.323601 0.914517 0.242776 Dot: 5.96046e-08
X: 0.512748 -0.0480318 0.857195 Y: 0.794451 0.405063 -0.452519 Cross: -0.325482 0.913027 0.245854 Dot: 2.98023e-08
X: 0.513315 -0.0496252 0.856764 Y: 0.793313 0.408247 -0.451653 Cross: -0.327358 0.911522 0.248928 Dot: 0
X: 0.513315 -0.0496252 0.856764 Y: 0.792165 0.411426 -0.450781 Cross: -0.330125 0.910091 0.250503 Dot: 0
X: 0.513315 -0.0496252 0.856764 Y: 0.790426 0.416186 -0.449463 Cross: -0.334268 0.907925 0.252859 Dot: 2.98023e-08
X: 0.513897 -0.0512098 0.856321 Y: 0.788669 0.420934 -0.448125 Cross: -0.337506 0.905645 0.256704 Dot: 0
X: 0.513897 -0.0512098 0.856321 Y: 0.785694 0.428821 -0.445868 Cross: -0.344375 0.901937 0.260605 Dot: 0
X: 0.514498 -0.0527839 0.855865 Y: 0.782054 0.438241 -0.443099 Cross: -0.351687 0.897307 0.266754 Dot: 2.98023e-08
X: 0.515111 -0.0543499 0.855398 Y: 0.778338 0.447612 -0.440266 Cross: -0.358959 0.892575 0.272873 Dot: 2.98023e-08
X: 0.515736 -0.0559076 0.854921 Y: 0.775819 0.453832 -0.43834 Cross: -0.363484 0.889332 0.277432 Dot: 5.96046e-08
X: 0.51637 -0.0574597 0.854435 Y: 0.774549 0.456933 -0.437363 Cross: -0.365289 0.887643 0.280452 Dot: 5.96046e-08
X: 0.517007 -0.0590089 0.853945 Y: 0.773272 0.460029 -0.436376 Cross: -0.367089 0.885941 0.283468 Dot: 8.9407e-08
X: 0.517647 -0.060555 0.853448 Y: 0.771989 0.463118 -0.435379 Cross: -0.368883 0.884226 0.286479 Dot: 1.19209e-07
X: 0.51829 -0.0620982 0.852947 Y: 0.769402 0.469279 -0.433358 Cross: -0.373359 0.880864 0.291001 Dot: 5.96046e-08
X: 0.518941 -0.0636355 0.852438 Y: 0.766783 0.475416 -0.431306 Cross: -0.377817 0.877457 0.295507 Dot: 5.96046e-08
X: 0.518941 -0.0636355 0.852438 Y: 0.762784 0.484579 -0.428187 Cross: -0.385825 0.87243 0.300008 Dot: 5.96046e-08
X: 0.519613 -0.0651581 0.851913 Y: 0.757336 0.496711 -0.423936 Cross: -0.395532 0.865467 0.307444 Dot: 5.96046e-08
X: 0.520303 -0.0666685 0.851375 Y: 0.750333 0.511738 -0.41848 Cross: -0.407782 0.856551 0.316282 Dot: 8.9407e-08
X: 0.521723 -0.069658 0.850266 Y: 0.74093 0.531034 -0.411129 Cross: -0.422881 0.844483 0.328664 Dot: 1.49012e-07
X: 0.523196 -0.0726054 0.849113 Y: 0.728112 0.555845 -0.40111 Cross: -0.442853 0.828109 0.343681 Dot: 8.9407e-08
X: 0.524739 -0.0754956 0.847909 Y: 0.714708 0.58016 -0.39065 Cross: -0.46243 0.810996 0.35839 Dot: 5.96046e-08
X: 0.52635 -0.078326 0.846652 Y: 0.698198 0.608101 -0.377801 Cross: -0.485258 0.789987 0.374761 Dot: 2.98023e-08
X: 0.529724 -0.0838392 0.844015 Y: 0.678309 0.639292 -0.36222 Cross: -0.509204 0.764381 0.395517 Dot: 0
X: 0.532383 -0.0878403 0.841933 Y: 0.650876 0.678396 -0.340793 Cross: -0.541229 0.729426 0.41834 Dot: -2.98023e-08
X: 0.534269 -0.090386 0.840468 Y: 0.620755 0.716833 -0.317512 Cross: -0.573777 0.691361 0.43909 Dot: 0
X: 0.536269 -0.0927987 0.83893 Y: 0.588918 0.753155 -0.293143 Cross: -0.604641 0.651265 0.458544 Dot: -4.47035e-08
X: 0.540477 -0.0973431 0.835708 Y: 0.557764 0.785106 -0.269273 Cross: -0.629908 0.611664 0.478626 Dot: -2.98023e-08
X: 0.543768 -0.100544 0.833191 Y: 0.527605 0.813024 -0.246222 Cross: -0.652647 0.573483 0.495144 Dot: -2.98023e-08
X: 0.546043 -0.102546 0.831457 Y: 0.495187 0.84005 -0.221598 Cross: -0.675742 0.532729 0.509483 Dot: 0
X: 0.553089 -0.108119 0.826076 Y: 0.464284 0.863302 -0.197865 Cross: -0.69176 0.492971 0.52768 Dot: -1.49012e-08
X: 0.556703 -0.110698 0.823302 Y: 0.43008 0.886324 -0.171641 Cross: -0.710712 0.449638 0.541029 Dot: -4.47035e-08
X: 0.562884 -0.114618 0.818549 Y: 0.401407 0.903616 -0.149502 Cross: -0.722519 0.412724 0.55464 Dot: -8.19564e-08
X: 0.565403 -0.116058 0.816608 Y: 0.3875 0.911365 -0.138772 Cross: -0.728123 0.394898 0.560261 Dot: -8.19564e-08
X: 0.566673 -0.116747 0.815629 Y: 0.38496 0.912737 -0.136811 Cross: -0.728483 0.391512 0.562166 Dot: -7.45058e-08
X: 0.566673 -0.116747 0.815629 Y: 0.38496 0.912737 -0.136811 Cross: -0.728483 0.391512 0.562166 Dot: -7.45058e-08
X: 0.566673 -0.116747 0.815629 Y: 0.38496 0.912737 -0.136811 Cross: -0.728483 0.391512 0.562166 Dot: -7.45058e-08
X: 0.566673 -0.116747 0.815629 Y: 0.38496 0.912737 -0.136811 Cross: -0.728483 0.391512 0.562166 Dot: -7.45058e-08
X: 0.566673 -0.116747 0.815629 Y: 0.38496 0.912737 -0.136811 Cross: -0.728483 0.391512 0.562166 Dot: -7.45058e-08
X: 0.566673 -0.116747 0.815629 Y: 0.38496 0.912737 -0.136811 Cross: -0.728483 0.391512 0.562166 Dot: -7.45058e-08
X: 0.566673 -0.116747 0.815629 Y: 0.38496 0.912737 -0.136811 Cross: -0.728483 0.391512 0.562166 Dot: -7.45058e-08
X: 0.566673 -0.116747 0.815629 Y: 0.38496 0.912737 -0.136811 Cross: -0.728483 0.391512 0.562166 Dot: -7.45058e-08
X: 0.566673 -0.116747 0.815629 Y: 0.38496 0.912737 -0.136811 Cross: -0.728483 0.391512 0.562166 Dot: -7.45058e-08
X: 0.566673 -0.116747 0.815629 Y: 0.38496 0.912737 -0.136811 Cross: -0.728483 0.391512 0.562166 Dot: -7.45058e-08
X: 0.566673 -0.116747 0.815629 Y: 0.38496 0.912737 -0.136811 Cross: -0.728483 0.391512 0.562166 Dot: -7.45058e-08
X: 0.566673 -0.116747 0.815629 Y: 0.38496 0.912737 -0.136811 Cross: -0.728483 0.391512 0.562166 Dot: -7.45058e-08
X: 0.566673 -0.116747 0.815629 Y: 0.38496 0.912737 -0.136811 Cross: -0.728483 0.391512 0.562166 Dot: -7.45058e-08
X: 0.566673 -0.116747 0.815629 Y: 0.38496 0.912737 -0.136811 Cross: -0.728483 0.391512 0.562166 Dot: -7.45058e-08
X: 0.566673 -0.116747 0.815629 Y: 0.38496 0.912737 -0.136811 Cross: -0.728483 0.391512 0.562166 Dot: -7.45058e-08
X: 0.566673 -0.116747 0.815629 Y: 0.38496 0.912737 -0.136811 Cross: -0.728483 0.391512 0.562166 Dot: -7.45058e-08
X: 0.566673 -0.116747 0.815629 Y: 0.38496 0.912737 -0.136811 Cross: -0.728483 0.391512 0.562166 Dot: -7.45058e-08
X: 0.566673 -0.116747 0.815629 Y: 0.383688 0.913419 -0.13583 Cross: -0.729154 0.389918 0.562404 Dot: -6.70552e-08
X: 0.567945 -0.117427 0.814646 Y: 0.384958 0.912737 -0.136813 Cross: -0.727493 0.391307 0.563589 Dot: -2.23517e-08
X: 0.567945 -0.117427 0.814646 Y: 0.384958 0.912737 -0.136813 Cross: -0.727493 0.391307 0.563589 Dot: -2.23517e-08
X: 0.567945 -0.117427 0.814646 Y: 0.384958 0.912737 -0.136813 Cross: -0.727493 0.391307 0.563589 Dot: -2.23517e-08
X: 0.567945 -0.117427 0.814646 Y: 0.384958 0.912737 -0.136813 Cross: -0.727493 0.391307 0.563589 Dot: -2.23517e-08
X: 0.566674 -0.116744 0.815629 Y: 0.383686 0.913419 -0.135832 Cross: -0.729153 0.389918 0.562404 Dot: -2.23517e-08
X: 0.564125 -0.115382 0.817587 Y: 0.381132 0.914776 -0.133878 Cross: -0.732462 0.387132 0.560024 Dot: -1.49012e-08
X: 0.562846 -0.114707 0.818563 Y: 0.378569 0.916123 -0.131927 Cross: -0.734771 0.384137 0.55906 Dot: 7.45058e-09
X: 0.561563 -0.114036 0.819538 Y: 0.378569 0.916123 -0.131927 Cross: -0.735752 0.384337 0.557631 Dot: 1.49012e-08
X: 0.561563 -0.114036 0.819538 Y: 0.378569 0.916123 -0.131927 Cross: -0.735752 0.384337 0.557631 Dot: 1.49012e-08
X: 0.560278 -0.113365 0.82051 Y: 0.378569 0.916123 -0.131927 Cross: -0.736731 0.384535 0.5562 Dot: -7.45058e-09
X: 0.558991 -0.112694 0.821479 Y: 0.378569 0.916123 -0.131927 Cross: -0.737708 0.384733 0.554767 Dot: 1.49012e-08
X: 0.558991 -0.112694 0.821479 Y: 0.375992 0.91746 -0.12999 Cross: -0.739025 0.381533 0.555224 Dot: 7.45058e-09
X: 0.558991 -0.112694 0.821479 Y: 0.37341 0.918786 -0.128051 Cross: -0.740333 0.378328 0.555674 Dot: 2.23517e-08
X: 0.558991 -0.112694 0.821479 Y: 0.372117 0.919445 -0.127081 Cross: -0.740984 0.376724 0.555897 Dot: 7.45058e-09
X: 0.558991 -0.112694 0.821479 Y: 0.369528 0.920754 -0.12514 Cross: -0.742278 0.373512 0.556337 Dot: 7.45058e-09
X: 0.560286 -0.113345 0.820507 Y: 0.366938 0.922052 -0.123192 Cross: -0.742587 0.370098 0.558203 Dot: 2.98023e-08
X: 0.561581 -0.113991 0.819531 Y: 0.36305 0.923976 -0.12026 Cross: -0.743519 0.365067 0.560272 Dot: 5.21541e-08
X: 0.564173 -0.115265 0.817571 Y: 0.357864 0.926499 -0.116326 Cross: -0.74407 0.358207 0.563955 Dot: 3.72529e-08
X: 0.566767 -0.116514 0.815597 Y: 0.350074 0.930195 -0.110384 Cross: -0.745803 0.348081 0.567993 Dot: 3.72529e-08
X: 0.569367 -0.117729 0.813609 Y: 0.342265 0.933785 -0.1044 Cross: -0.747445 0.337912 0.571961 Dot: 5.96046e-08
X: 0.571972 -0.118908 0.811608 Y: 0.33444 0.937268 -0.0983755 Cross: -0.748997 0.327703 0.575859 Dot: 6.70552e-08
X: 0.574583 -0.120051 0.809593 Y: 0.327909 0.940089 -0.0933218 Cross: -0.749886 0.319094 0.579525 Dot: 3.72529e-08
X: 0.577197 -0.121164 0.807565 Y: 0.323989 0.941744 -0.0902714 Cross: -0.749582 0.313746 0.582828 Dot: 5.96046e-08
X: 0.57981 -0.122258 0.805526 Y: 0.321377 0.942832 -0.0882266 Cross: -0.748689 0.310032 0.585955 Dot: 4.47035e-08
X: 0.58242 -0.12334 0.803475 Y: 0.318769 0.943907 -0.0861709 Cross: -0.747778 0.306311 0.589068 Dot: 5.21541e-08
X: 0.586328 -0.124942 0.80038 Y: 0.316167 0.944969 -0.0840995 Cross: -0.745826 0.302364 0.593564 Dot: 4.47035e-08
X: 0.594106 -0.128101 0.79412 Y: 0.313584 0.946014 -0.0819979 Cross: -0.740745 0.297739 0.602203 Dot: 5.96046e-08
X: 0.60183 -0.131212 0.787771 Y: 0.311018 0.947042 -0.0798664 Cross: -0.735573 0.293077 0.610768 Dot: 5.21541e-08
X: 0.6095 -0.134274 0.781332 Y: 0.308471 0.948055 -0.0777052 Cross: -0.730312 0.288379 0.619259 Dot: 5.58794e-08
X: 0.618376 -0.137787 0.773708 Y: 0.305946 0.94905 -0.07551 Cross: -0.723883 0.283406 0.629026 Dot: 5.58794e-08
X: 0.628423 -0.141731 0.76485 Y: 0.302197 0.950511 -0.0721591 Cross: -0.716771 0.276482 0.640153 Dot: 4.09782e-08
X: 0.63837 -0.145577 0.755838 Y: 0.297247 0.952404 -0.0676142 Cross: -0.710019 0.267833 0.651258 Dot: 4.47035e-08
X: 0.649443 -0.149766 0.745515 Y: 0.291128 0.954684 -0.0618255 Cross: -0.702472 0.257192 0.663615 Dot: 4.09782e-08
X: 0.660397 -0.153787 0.734999 Y: 0.28265 0.957726 -0.0535714 Cross: -0.695689 0.243126 0.675948 Dot: 3.72529e-08
X: 0.672438 -0.158007 0.72309 Y: 0.273071 0.960989 -0.0439508 Cross: -0.687938 0.227009 0.689353 Dot: 0
X: 0.681978 -0.161161 0.713395 Y: 0.265952 0.963291 -0.0366246 Cross: -0.681304 0.214706 0.699804 Dot: -2.04891e-08
X: 0.691424 -0.164143 0.703555 Y: 0.258903 0.965462 -0.0291908 Cross: -0.674464 0.202336 0.710041 Dot: -2.6077e-08
X: 0.700773 -0.166952 0.693572 Y: 0.254256 0.966835 -0.0241651 Cross: -0.666536 0.193279 0.719981 Dot: -3.72529e-09
X: 0.710011 -0.169635 0.683452 Y: 0.251962 0.967496 -0.0216182 Cross: -0.65757 0.187553 0.729674 Dot: -1.30385e-08
X: 0.721379 -0.172882 0.670614 Y: 0.246323 0.96907 -0.0151467 Cross: -0.647253 0.176114 0.741652 Dot: 1.95578e-08
X: 0.733672 -0.176231 0.656252 Y: 0.239678 0.970826 -0.00724604 Cross: -0.635829 0.162605 0.754506 Dot: -1.86265e-09
X: 0.743569 -0.178764 0.64432 Y: 0.233128 0.972446 0.000762355 Cross: -0.626703 0.149642 0.764755 Dot: 1.35624e-08
X: 0.752246 -0.180835 0.63358 Y: 0.226662 0.973933 0.00886409 Cross: -0.618667 0.13694 0.773626 Dot: 2.468e-08
X: 0.758684 -0.18226 0.625444 Y: 0.220254 0.975294 0.0170339 Cross: -0.613096 0.124833 0.780083 Dot: 3.72529e-09
X: 0.760819 -0.182694 0.622717 Y: 0.213849 0.976541 0.0252246 Cross: -0.612717 0.113976 0.78204 Dot: 2.6077e-08
X: 0.762953 -0.183091 0.619983 Y: 0.207449 0.977674 0.0334353 Cross: -0.612263 0.103105 0.783902 Dot: 1.86265e-08
X: 0.764021 -0.183271 0.618614 Y: 0.20104 0.978697 0.0416537 Cross: -0.61307 0.0925421 0.78459 Dot: 5.58794e-09
X: 0.764021 -0.183271 0.618614 Y: 0.194609 0.979613 0.0498674 Cross: -0.615141 0.0822883 0.784111 Dot: 1.30385e-08
X: 0.764021 -0.183271 0.618614 Y: 0.188157 0.980421 0.0580757 Cross: -0.617146 0.0720255 0.783545 Dot: 7.45058e-09
X: 0.762942 -0.183145 0.619981 Y: 0.182753 0.981015 0.0649017 Cross: -0.620097 0.0637868 0.781928 Dot: 3.72529e-08
X: 0.760773 -0.182921 0.622706 Y: 0.178401 0.981441 0.0703439 Cross: -0.624017 0.0575754 0.779287 Dot: 2.23517e-08
X: 0.760773 -0.182921 0.622706 Y: 0.17404 0.981819 0.0757826 Cross: -0.625247 0.0507223 0.778777 Dot: 7.45058e-09
X: 0.759681 -0.182832 0.624065 Y: 0.172946 0.981906 0.0771398 Cross: -0.626876 0.0493279 0.777555 Dot: 2.23517e-08
X: 0.759681 -0.182832 0.624065 Y: 0.171852 0.981991 0.0784967 Cross: -0.627177 0.047614 0.777419 Dot: 2.23517e-08
X: 0.759681 -0.182832 0.624065 Y: 0.171852 0.981991 0.0784967 Cross: -0.627177 0.047614 0.777419 Dot: 2.23517e-08
X: 0.759681 -0.182832 0.624065 Y: 0.171852 0.981991 0.0784967 Cross: -0.627177 0.047614 0.777419 Dot: 2.23517e-08
X: 0.759681 -0.182832 0.624065 Y: 0.171852 0.981991 0.0784967 Cross: -0.627177 0.047614 0.777419 Dot: 2.23517e-08
X: 0.759681 -0.182832 0.624065 Y: 0.171852 0.981991 0.0784967 Cross: -0.627177 0.047614 0.777419 Dot: 2.23517e-08
X: 0.759681 -0.182832 0.624065 Y: 0.171852 0.981991 0.0784967 Cross: -0.627177 0.047614 0.777419 Dot: 2.23517e-08
X: 0.759681 -0.182832 0.624065 Y: 0.171852 0.981991 0.0784967 Cross: -0.627177 0.047614 0.777419 Dot: 2.23517e-08
X: 0.758585 -0.182749 0.62542 Y: 0.170754 0.982073 0.0798516 Cross: -0.628801 0.0462191 0.776191 Dot: 2.98023e-08
X: 0.758585 -0.182749 0.62542 Y: 0.170754 0.982073 0.0798516 Cross: -0.628801 0.0462191 0.776191 Dot: 2.98023e-08
X: 0.758585 -0.182749 0.62542 Y: 0.170754 0.982073 0.0798516 Cross: -0.628801 0.0462191 0.776191 Dot: 2.98023e-08
X: 0.758585 -0.182749 0.62542 Y: 0.170754 0.982073 0.0798516 Cross: -0.628801 0.0462191 0.776191 Dot: 2.98023e-08
X: 0.756385 -0.182586 0.628126 Y: 0.169652 0.982153 0.0812023 Cross: -0.631742 0.0451426 0.773862 Dot: 3.72529e-08
X: 0.755282 -0.182507 0.629476 Y: 0.165228 0.982447 0.0865952 Cross: -0.634231 0.0386034 0.772179 Dot: 2.98023e-08
X: 0.754174 -0.182439 0.630823 Y: 0.159676 0.982749 0.0933208 Cross: -0.636966 0.0303471 0.770294 Dot: 5.21541e-08
X: 0.753061 -0.182386 0.632166 Y: 0.151866 0.98305 0.102711 Cross: -0.640184 0.0186569 0.767995 Dot: 6.70552e-08
X: 0.751942 -0.182353 0.633505 Y: 0.142895 0.983219 0.113408 Cross: -0.643555 0.00524785 0.765381 Dot: 6.70552e-08
X: 0.750818 -0.182344 0.63484 Y: 0.130488 0.983145 0.12806 Cross: -0.647491 -0.0133102 0.761956 Dot: 7.45058e-08
X: 0.748553 -0.182389 0.637496 Y: 0.112286 0.982408 0.149223 Cross: -0.653498 -0.0401197 0.755864 Dot: 7.45058e-08
X: 0.747411 -0.182459 0.638814 Y: 0.0928105 0.980795 0.171548 Cross: -0.657846 -0.0689281 0.749991 Dot: 7.45058e-08
X: 0.746262 -0.182579 0.640122 Y: 0.0732152 0.978328 0.193689 Cross: -0.661613 -0.0976758 0.743456 Dot: 8.19564e-08
X: 0.745106 -0.182749 0.641419 Y: 0.054677 0.975228 0.21434 Cross: -0.6647 -0.124636 0.736641 Dot: 1.04308e-07
X: 0.745106 -0.182749 0.641419 Y: 0.0360961 0.971368 0.234825 Cross: -0.665968 -0.151817 0.730369 Dot: 8.9407e-08
X: 0.743943 -0.183014 0.642693 Y: 0.0209483 0.96768 0.251309 Cross: -0.667914 -0.173496 0.723733 Dot: 8.9407e-08
X: 0.743943 -0.183014 0.642693 Y: 0.0057897 0.963495 0.267664 Cross: -0.668218 -0.195406 0.717845 Dot: 8.9407e-08
X: 0.743943 -0.183014 0.642693 Y: -0.00587319 0.959938 0.280152 Cross: -0.668217 -0.212191 0.713064 Dot: 5.96046e-08
X: 0.743943 -0.183014 0.642693 Y: -0.0175343 0.956089 0.292554 Cross: -0.668013 -0.228912 0.708066 Dot: 4.47035e-08
X: 0.743943 -0.183014 0.642693 Y: -0.0303552 0.951518 0.306093 Cross: -0.667553 -0.247225 0.70232 Dot: 5.96046e-08
X: 0.743943 -0.183014 0.642693 Y: -0.0396728 0.947974 0.315869 Cross: -0.667064 -0.260486 0.697978 Dot: 4.47035e-08
X: 0.743943 -0.183014 0.642693 Y: -0.0513086 0.943283 0.328002 Cross: -0.66627 -0.27699 0.692359 Dot: 2.98023e-08
X: 0.743943 -0.183014 0.642693 Y: -0.0640898 0.937792 0.341233 Cross: -0.665163 -0.295048 0.685934 Dot: 2.98023e-08
X: 0.743943 -0.183014 0.642693 Y: -0.0780059 0.931407 0.355523 Cross: -0.663674 -0.314623 0.678638 Dot: 1.49012e-08
X: 0.742783 -0.183563 0.643876 Y: -0.0919149 0.924621 0.369634 Cross: -0.663192 -0.33374 0.669921 Dot: 0
X: 0.741625 -0.184145 0.645045 Y: -0.106967 0.916818 0.384712 Cross: -0.662231 -0.35431 0.660238 Dot: 0
X: 0.739309 -0.185381 0.647345 Y: -0.120866 0.90921 0.398408 Cross: -0.66243 -0.372788 0.649781 Dot: 2.98023e-08
X: 0.738151 -0.186031 0.648478 Y: -0.13474 0.901211 0.411905 Cross: -0.661043 -0.391424 0.640164 Dot: 5.96046e-08
X: 0.738151 -0.186031 0.648478 Y: -0.148554 0.892816 0.425221 Cross: -0.658076 -0.410211 0.631397 Dot: 8.9407e-08
X: 0.738151 -0.186031 0.648478 Y: -0.157727 0.887001 0.433995 Cross: -0.655938 -0.422637 0.625399 Dot: 8.9407e-08
X: 0.737005 -0.186768 0.649569 Y: -0.164601 0.88253 0.440509 Cross: -0.655537 -0.431577 0.619687 Dot: 8.9407e-08
X: 0.737005 -0.186768 0.649569 Y: -0.168031 0.880258 0.443747 Cross: -0.654666 -0.436192 0.617372 Dot: 8.9407e-08
X: 0.735862 -0.187529 0.650645 Y: -0.17032 0.878732 0.445896 Cross: -0.655361 -0.438935 0.614685 Dot: 5.96046e-08
X: 0.735862 -0.187529 0.650645 Y: -0.17032 0.878732 0.445896 Cross: -0.655361 -0.438935 0.614685 Dot: 5.96046e-08
X: 0.735862 -0.187529 0.650645 Y: -0.17032 0.878732 0.445896 Cross: -0.655361 -0.438935 0.614685 Dot: 5.96046e-08
X: 0.734717 -0.188295 0.651717 Y: -0.171466 0.877965 0.446966 Cross: -0.656346 -0.44014 0.612769 Dot: 5.96046e-08
X: 0.734717 -0.188295 0.651717 Y: -0.172611 0.877195 0.448035 Cross: -0.656046 -0.441672 0.611988 Dot: 8.9407e-08
X: 0.734717 -0.188295 0.651717 Y: -0.172611 0.877195 0.448035 Cross: -0.656046 -0.441672 0.611988 Dot: 8.9407e-08
X: 0.734717 -0.188295 0.651717 Y: -0.172611 0.877195 0.448035 Cross: -0.656046 -0.441672 0.611988 Dot: 8.9407e-08
X: 0.734717 -0.188295 0.651717 Y: -0.172611 0.877195 0.448035 Cross: -0.656046 -0.441672 0.611988 Dot: 8.9407e-08
X: 0.733571 -0.189066 0.652784 Y: -0.172611 0.877195 0.448035 Cross: -0.657327 -0.441343 0.61085 Dot: 8.9407e-08
X: 0.733571 -0.189066 0.652784 Y: -0.172611 0.877195 0.448035 Cross: -0.657327 -0.441343 0.61085 Dot: 8.9407e-08
X: 0.733571 -0.189066 0.652784 Y: -0.172611 0.877195 0.448035 Cross: -0.657327 -0.441343 0.61085 Dot: 8.9407e-08
X: 0.733571 -0.189066 0.652784 Y: -0.172611 0.877195 0.448035 Cross: -0.657327 -0.441343 0.61085 Dot: 8.9407e-08
X: 0.733571 -0.189066 0.652784 Y: -0.172611 0.877195 0.448035 Cross: -0.657327 -0.441343 0.61085 Dot: 8.9407e-08
X: 0.732422 -0.189836 0.653849 Y: -0.17376 0.876424 0.449098 Cross: -0.658304 -0.442542 0.608927 Dot: 8.9407e-08
X: 0.732422 -0.189836 0.653849 Y: -0.177205 0.874095 0.45228 Cross: -0.657385 -0.447125 0.606567 Dot: 8.9407e-08
X: 0.732422 -0.189836 0.653849 Y: -0.184079 0.869365 0.458607 Cross: -0.655493 -0.456254 0.601797 Dot: 5.96046e-08
X: 0.732422 -0.189836 0.653849 Y: -0.193213 0.86291 0.466965 Cross: -0.65286 -0.468348 0.595336 Dot: 5.96046e-08
X: 0.733561 -0.189018 0.652809 Y: -0.203424 0.855442 0.476276 Cross: -0.648465 -0.482175 0.589068 Dot: 2.98023e-08
X: 0.733561 -0.189018 0.652809 Y: -0.215835 0.846027 0.487497 Cross: -0.64444 -0.498508 0.579816 Dot: 2.98023e-08
X: 0.733561 -0.189018 0.652809 Y: -0.229284 0.835402 0.499533 Cross: -0.639779 -0.516116 0.569479 Dot: 2.98023e-08
X: 0.733561 -0.189018 0.652809 Y: -0.24374 0.823477 0.512324 Cross: -0.634412 -0.534937 0.557999 Dot: 5.96046e-08
X: 0.734667 -0.188084 0.651834 Y: -0.261323 0.808211 0.527737 Cross: -0.626078 -0.55805 0.544615 Dot: 5.96046e-08
X: 0.736848 -0.186135 0.649929 Y: -0.280779 0.790263 0.544654 Cross: -0.614994 -0.583814 0.530041 Dot: 5.96046e-08
X: 0.73899 -0.184096 0.648075 Y: -0.304081 0.767244 0.564687 Cross: -0.601188 -0.614366 0.511006 Dot: 0
X: 0.741084 -0.18195 0.646288 Y: -0.325812 0.744193 0.583116 Cross: -0.587061 -0.642706 0.492228 Dot: 5.96046e-08
X: 0.743129 -0.179706 0.644565 Y: -0.348009 0.718948 0.601668 Cross: -0.571532 -0.671431 0.471732 Dot: 5.96046e-08
X: 0.745119 -0.177361 0.642915 Y: -0.366681 0.69627 0.617052 Cross: -0.557083 -0.695522 0.45377 Dot: 5.96046e-08
X: 0.747059 -0.174932 0.641327 Y: -0.383916 0.674061 0.631071 Cross: -0.542688 -0.717663 0.436404 Dot: 5.96046e-08
X: 0.748949 -0.172426 0.6398 Y: -0.400691 0.651167 0.644538 Cross: -0.527751 -0.739088 0.418601 Dot: 2.98023e-08
X: 0.751702 -0.168554 0.637599 Y: -0.415161 0.630251 0.656068 Cross: -0.51243 -0.757874 0.403784 Dot: 2.98023e-08
X: 0.753486 -0.165907 0.636186 Y: -0.425746 0.614229 0.664427 Cross: -0.500997 -0.77149 0.392179 Dot: 0
X: 0.75523 -0.163213 0.634813 Y: -0.433522 0.602026 0.67054 Cross: -0.491615 -0.781617 0.383912 Dot: 0
X: 0.756942 -0.160484 0.633469 Y: -0.440307 0.591047 0.675866 Cross: -0.482875 -0.790512 0.376726 Dot: -2.98023e-08
X: 0.758623 -0.157723 0.63215 Y: -0.446141 0.581338 0.680445 Cross: -0.474815 -0.798229 0.370649 Dot: 0
X: 0.758623 -0.157723 0.63215 Y: -0.449445 0.575751 0.683016 Cross: -0.471689 -0.802268 0.36589 Dot: 2.98023e-08
X: 0.756972 -0.160523 0.633424 Y: -0.451098 0.572949 0.684281 Cross: -0.472762 -0.803717 0.361295 Dot: 2.98023e-08
X: 0.754486 -0.164729 0.635307 Y: -0.450265 0.57435 0.683655 Cross: -0.477506 -0.801864 0.359167 Dot: 8.9407e-08
X: 0.752815 -0.167527 0.636557 Y: -0.446902 0.579929 0.681146 Cross: -0.483268 -0.797255 0.361711 Dot: 8.9407e-08
X: 0.752815 -0.167527 0.636557 Y: -0.446902 0.579929 0.681146 Cross: -0.483268 -0.797255 0.361711 Dot: 8.9407e-08
X: 0.752815 -0.167527 0.636557 Y: -0.446902 0.579929 0.681146 Cross: -0.483268 -0.797255 0.361711 Dot: 8.9407e-08
X: 0.752815 -0.167527 0.636557 Y: -0.446902 0.579929 0.681146 Cross: -0.483268 -0.797255 0.361711 Dot: 8.9407e-08
X: 0.752815 -0.167527 0.636557 Y: -0.446902 0.579929 0.681146 Cross: -0.483268 -0.797255 0.361711 Dot: 8.9407e-08
X: 0.752815 -0.167527 0.636557 Y: -0.446902 0.579929 0.681146 Cross: -0.483268 -0.797255 0.361711 Dot: 8.9407e-08
X: 0.752815 -0.167527 0.636557 Y: -0.446902 0.579929 0.681146 Cross: -0.483268 -0.797255 0.361711 Dot: 8.9407e-08
X: 0.752815 -0.167527 0.636557 Y: -0.446902 0.579929 0.681146 Cross: -0.483268 -0.797255 0.361711 Dot: 8.9407e-08
X: 0.752815 -0.167527 0.636557 Y: -0.446902 0.579929 0.681146 Cross: -0.483268 -0.797255 0.361711 Dot: 8.9407e-08
X: 0.752815 -0.167527 0.636557 Y: -0.446902 0.579929 0.681146 Cross: -0.483268 -0.797255 0.361711 Dot: 8.9407e-08
X: 0.752815 -0.167527 0.636557 Y: -0.446902 0.579929 0.681146 Cross: -0.483268 -0.797255 0.361711 Dot: 8.9407e-08
X: 0.752815 -0.167527 0.636557 Y: -0.446902 0.579929 0.681146 Cross: -0.483268 -0.797255 0.361711 Dot: 8.9407e-08
X: 0.752815 -0.167527 0.636557 Y: -0.446902 0.579929 0.681146 Cross: -0.483268 -0.797255 0.361711 Dot: 8.9407e-08
X: 0.752815 -0.167527 0.636557 Y: -0.446902 0.579929 0.681146 Cross: -0.483268 -0.797255 0.361711 Dot: 8.9407e-08
X: 0.752815 -0.167527 0.636557 Y: -0.446902 0.579929 0.681146 Cross: -0.483268 -0.797255 0.361711 Dot: 8.9407e-08
X: 0.752815 -0.167527 0.636557 Y: -0.446902 0.579929 0.681146 Cross: -0.483268 -0.797255 0.361711 Dot: 8.9407e-08
X: 0.752815 -0.167527 0.636557 Y: -0.446902 0.579929 0.681146 Cross: -0.483268 -0.797255 0.361711 Dot: 8.9407e-08
X: 0.752815 -0.167527 0.636557 Y: -0.446902 0.579929 0.681146 Cross: -0.483268 -0.797255 0.361711 Dot: 8.9407e-08
X: 0.752815 -0.167527 0.636557 Y: -0.450265 0.574349 0.683655 Cross: -0.480137 -0.801285 0.356947 Dot: 8.9407e-08
X: 0.751975 -0.168925 0.637179 Y: -0.451105 0.572951 0.684275 Cross: -0.480663 -0.801992 0.354642 Dot: 8.9407e-08
X: 0.751975 -0.168925 0.637179 Y: -0.451105 0.572951 0.684275 Cross: -0.480663 -0.801992 0.354642 Dot: 8.9407e-08
X: 0.751975 -0.168925 0.637179 Y: -0.451105 0.572951 0.684275 Cross: -0.480663 -0.801992 0.354642 Dot: 8.9407e-08
X: 0.751975 -0.168925 0.637179 Y: -0.451105 0.572951 0.684275 Cross: -0.480663 -0.801992 0.354642 Dot: 8.9407e-08
X: 0.750293 -0.171724 0.638413 Y: -0.44687 0.579922 0.681174 Cross: -0.487203 -0.796367 0.358373 Dot: 1.49012e-07
X: 0.746873 -0.177279 0.640899 Y: -0.43908 0.59234 0.675531 Cross: -0.499388 -0.785942 0.364564 Dot: 1.19209e-07
X: 0.742487 -0.184131 0.644056 Y: -0.424784 0.61401 0.665245 Cross: -0.517949 -0.76752 0.377679 Dot: 1.19209e-07
X: 0.737023 -0.192158 0.647976 Y: -0.403344 0.644238 0.649823 Cross: -0.54232 -0.740292 0.397312 Dot: 1.49012e-07
X: 0.733218 -0.197322 0.650734 Y: -0.380066 0.674617 0.632805 Cross: -0.563862 -0.711306 0.419646 Dot: 1.78814e-07
X: 0.729264 -0.202283 0.653648 Y: -0.353864 0.706126 0.613324 Cross: -0.585622 -0.678578 0.443372 Dot: 1.78814e-07
X: 0.724126 -0.208197 0.657492 Y: -0.326647 0.7361 0.59284 Cross: -0.607407 -0.644058 0.465022 Dot: 1.49012e-07
X: 0.722001 -0.210443 0.659111 Y: -0.298642 0.764526 0.571239 Cross: -0.624121 -0.609273 0.489141 Dot: 1.78814e-07
X: 0.719818 -0.212569 0.660814 Y: -0.269909 0.791344 0.548566 Cross: -0.639539 -0.573228 0.512249 Dot: 1.78814e-07
X: 0.718701 -0.213569 0.661707 Y: -0.243975 0.813696 0.527613 Cross: -0.65111 -0.540636 0.532698 Dot: 1.49012e-07
X: 0.717564 -0.214512 0.662636 Y: -0.219906 0.832947 0.507781 Cross: -0.660866 -0.510083 0.55052 Dot: 1.19209e-07
X: 0.717564 -0.214512 0.662636 Y: -0.199039 0.848558 0.490238 Cross: -0.667447 -0.483668 0.566198 Dot: 1.49012e-07
X: 0.719889 -0.212823 0.660656 Y: -0.179226 0.862555 0.473157 Cross: -0.67055 -0.459027 0.582801 Dot: 1.49012e-07
X: 0.721058 -0.212021 0.659638 Y: -0.161644 0.874285 0.457709 Cross: -0.673755 -0.436661 0.596138 Dot: 1.78814e-07
X: 0.723406 -0.210496 0.657553 Y: -0.142839 0.886157 0.440821 Cross: -0.675486 -0.412817 0.610984 Dot: 1.78814e-07
X: 0.725759 -0.209053 0.655416 Y: -0.123993 0.897358 0.423525 Cross: -0.676682 -0.388645 0.625345 Dot: 2.08616e-07
X: 0.728117 -0.207696 0.653229 Y: -0.103939 0.908515 0.40472 Cross: -0.677527 -0.362579 0.639917 Dot: 2.08616e-07
X: 0.730477 -0.206429 0.650991 Y: -0.0815031 0.920061 0.383205 Cross: -0.678056 -0.332981 0.655259 Dot: 1.49012e-07
X: 0.73284 -0.205265 0.6487 Y: -0.0578788 0.931146 0.360024 Cross: -0.677935 -0.301386 0.670501 Dot: 1.63913e-07
X: 0.738728 -0.202627 0.642824 Y: -0.0367575 0.940209 0.338609 Cross: -0.673001 -0.273768 0.687111 Dot: 1.49012e-07
X: 0.742242 -0.201191 0.639218 Y: -0.0145523 0.948804 0.31553 Cross: -0.669974 -0.243502 0.701314 Dot: 1.49012e-07
X: 0.744576 -0.20034 0.636766 Y: 0.00408765 0.955253 0.295763 Cross: -0.667525 -0.217615 0.712077 Dot: 1.49012e-07
X: 0.746901 -0.199579 0.634276 Y: 0.0226518 0.960976 0.275703 Cross: -0.664549 -0.191556 0.722275 Dot: 1.63913e-07
X: 0.74806 -0.199244 0.633015 Y: 0.0411618 0.96596 0.255398 Cross: -0.662353 -0.164997 0.730797 Dot: 1.78814e-07
X: 0.74806 -0.199244 0.633015 Y: 0.0550241 0.969203 0.240037 Cross: -0.661346 -0.144731 0.735986 Dot: 1.78814e-07
X: 0.74806 -0.199244 0.633015 Y: 0.0665578 0.971582 0.227156 Cross: -0.660285 -0.127794 0.740063 Dot: 1.93715e-07
X: 0.74806 -0.199244 0.633015 Y: 0.0757703 0.973271 0.216801 Cross: -0.659291 -0.114216 0.743162 Dot: 1.93715e-07
X: 0.74806 -0.199244 0.633015 Y: 0.0849681 0.974771 0.206404 Cross: -0.658169 -0.100616 0.746117 Dot: 1.93715e-07
X: 0.749208 -0.199068 0.631712 Y: 0.090697 0.975615 0.199875 Cross: -0.656096 -0.0924536 0.748993 Dot: 2.08616e-07
X: 0.749208 -0.199068 0.631712 Y: 0.0929866 0.975932 0.197259 Cross: -0.655775 -0.0890475 0.749686 Dot: 2.16067e-07
X: 0.749208 -0.199068 0.631712 Y: 0.094131 0.976086 0.195951 Cross: -0.655612 -0.087344 0.750029 Dot: 2.01166e-07
X: 0.749208 -0.199068 0.631712 Y: 0.094131 0.976086 0.195951 Cross: -0.655612 -0.087344 0.750029 Dot: 2.01166e-07
X: 0.749208 -0.199068 0.631712 Y: 0.094131 0.976086 0.195951 Cross: -0.655612 -0.087344 0.750029 Dot: 2.01166e-07
X: 0.749208 -0.199068 0.631712 Y: 0.094131 0.976086 0.195951 Cross: -0.655612 -0.087344 0.750029 Dot: 2.01166e-07
X: 0.749208 -0.199068 0.631712 Y: 0.094131 0.976086 0.195951 Cross: -0.655612 -0.087344 0.750029 Dot: 2.01166e-07
X: 0.749208 -0.199068 0.631712 Y: 0.094131 0.976086 0.195951 Cross: -0.655612 -0.087344 0.750029 Dot: 2.01166e-07
X: 0.749208 -0.199068 0.631712 Y: 0.094131 0.976086 0.195951 Cross: -0.655612 -0.087344 0.750029 Dot: 2.01166e-07
X: 0.749208 -0.199068 0.631712 Y: 0.094131 0.976086 0.195951 Cross: -0.655612 -0.087344 0.750029 Dot: 2.01166e-07
X: 0.749208 -0.199068 0.631712 Y: 0.094131 0.976086 0.195951 Cross: -0.655612 -0.087344 0.750029 Dot: 2.01166e-07
X: 0.749208 -0.199068 0.631712 Y: 0.094131 0.976086 0.195951 Cross: -0.655612 -0.087344 0.750029 Dot: 2.01166e-07
X: 0.749208 -0.199068 0.631712 Y: 0.094131 0.976086 0.195951 Cross: -0.655612 -0.087344 0.750029 Dot: 2.01166e-07
X: 0.750351 -0.198916 0.630401 Y: 0.0952729 0.976237 0.194639 Cross: -0.654138 -0.0859876 0.751472 Dot: 1.93715e-07
X: 0.751491 -0.198765 0.629089 Y: 0.0986897 0.976676 0.190696 Cross: -0.65232 -0.0812219 0.753579 Dot: 1.78814e-07
X: 0.751491 -0.198765 0.629089 Y: 0.104378 0.977347 0.184113 Cross: -0.651434 -0.0726958 0.755215 Dot: 1.93715e-07
X: 0.752627 -0.198638 0.62777 Y: 0.111181 0.978059 0.176183 Cross: -0.648992 -0.062804 0.758198 Dot: 2.08616e-07
X: 0.753759 -0.198528 0.626446 Y: 0.120213 0.978845 0.165564 Cross: -0.646062 -0.0494886 0.761678 Dot: 2.08616e-07
X: 0.756009 -0.198354 0.623783 Y: 0.130305 0.979513 0.153546 Cross: -0.64146 -0.0348001 0.766367 Dot: 2.08616e-07
X: 0.758244 -0.198231 0.621104 Y: 0.144764 0.980066 0.13607 Cross: -0.635696 -0.0132606 0.771825 Dot: 2.23517e-07
X: 0.758244 -0.198231 0.621104 Y: 0.144764 0.980066 0.13607 Cross: -0.635696 -0.0132606 0.771825 Dot: 2.23517e-07
X: 0.758244 -0.198231 0.621104 Y: 0.160252 0.980097 0.117172 Cross: -0.631969 0.0106885 0.77492 Dot: 2.30968e-07
X: 0.758244 -0.198231 0.621104 Y: 0.175645 0.979543 0.098204 Cross: -0.627866 0.0346312 0.777551 Dot: 2.16067e-07
X: 0.757147 -0.198171 0.62246 Y: 0.188783 0.978596 0.0819214 Cross: -0.625372 0.0554835 0.778352 Dot: 2.16067e-07
X: 0.757147 -0.198171 0.62246 Y: 0.202922 0.977086 0.0642415 Cross: -0.620928 0.0776709 0.78001 Dot: 1.86265e-07
X: 0.757147 -0.198171 0.62246 Y: 0.215882 0.975245 0.0478921 Cross: -0.616542 0.0981164 0.781185 Dot: 1.88127e-07
X: 0.758222 -0.198342 0.621096 Y: 0.224451 0.973785 0.0369653 Cross: -0.612145 0.111377 0.782862 Dot: 2.19792e-07
X: 0.759289 -0.198536 0.619729 Y: 0.232957 0.972139 0.0260161 Cross: -0.607628 0.124616 0.784385 Dot: 2.21655e-07
X: 0.759289 -0.198536 0.619729 Y: 0.241418 0.970305 0.0150618 Cross: -0.604316 0.138177 0.784672 Dot: 2.40281e-07
X: 0.760342 -0.198777 0.618358 Y: 0.248767 0.968548 0.00546116 Cross: -0.599995 0.149675 0.785877 Dot: 2.57744e-07
